SIMULATED STAKING RACE — sup-blind world · n=660 · SimSource(seed=20260707)
max_tilt_err = 1.3322676295501878e-15

policy                   term_W   G/match±SE    maxDD  n_bets  turnover   ruined
FLAT_1pct                0.5974  -0.00078±0.00072   0.572     869      8.69        -
PB_BK_cap02              0.0097  -0.00702±0.00266   0.990     354     22.99      YES
U_raw_cap02              0.0099  -0.00699±0.00262   0.991     492     21.71      YES
TRUST05                  0.1098  -0.00335±0.00223   0.957     926     21.77        -
CURATED05                0.8061  -0.00033±0.00121   0.628     538      9.04        -
TRUST_EB                 0.3164  -0.00174±0.00119   0.789     563      8.90        -

PER-FAMILY P/L:
policy               family      profit  turnover     roi%   n_bets
FLAT_1pct            1X2        -0.3248    3.0700   -10.58      307
FLAT_1pct            totals     -0.1295    5.1000    -2.54      510
FLAT_1pct            BTTS       +0.0542    0.5200   +10.42       52
PB_BK_cap02          1X2        -3.1386   10.9824   -28.58      124
PB_BK_cap02          totals     +0.0417   11.0647    +0.38      207
PB_BK_cap02          BTTS       +0.0106    0.9408    +1.12       23
U_raw_cap02          1X2        -2.9334   13.7535   -21.33      225
U_raw_cap02          totals     -0.3282    7.2324    -4.54      242
U_raw_cap02          BTTS       +0.1691    0.7198   +23.50       25
TRUST05              1X2        -1.0622   13.4275    -7.91      398
TRUST05              totals     -0.1369    8.1638    -1.68      516
TRUST05              BTTS       +0.0953    0.1808   +52.70       12
CURATED05            1X2        +0.0000    0.0000    +0.00        0
CURATED05            totals     +0.0070    8.5900    +0.08      520
CURATED05            BTTS       +0.1054    0.4512   +23.35       18
TRUST_EB             1X2        -0.5626    3.3543   -16.77      161
TRUST_EB             totals     -0.2755    5.4658    -5.04      396
TRUST_EB             BTTS       +0.0034    0.0796    +4.31        6

EB TRUST w-TRAJECTORY:
 match       home     draw     away  over_15  over_25  over_35 btts_yes
     1      0.500    0.500    0.500    0.500    0.500    0.500    0.500
    31      0.477    0.526    0.500    0.457    0.528    0.494    0.462
    61      0.377    0.502    0.410    0.371    0.452    0.397    0.409
    91      0.365    0.512    0.433    0.399    0.524    0.444    0.435
   121      0.300    0.473    0.461    0.375    0.486    0.446    0.398
   151      0.267    0.458    0.410    0.385    0.545    0.455    0.415
   181      0.255    0.489    0.303    0.367    0.521    0.453    0.402
   211      0.185    0.488    0.200    0.333    0.521    0.444    0.371
   241      0.197    0.520    0.178    0.351    0.535    0.421    0.363
   271      0.189    0.503    0.158    0.351    0.512    0.471    0.398
   301      0.180    0.474    0.136    0.312    0.444    0.389    0.366
   331      0.179    0.491    0.130    0.286    0.409    0.351    0.344
   361      0.198    0.529    0.142    0.305    0.434    0.363    0.361
   391      0.208    0.547    0.145    0.323    0.483    0.394    0.401
   421      0.208    0.484    0.135    0.295    0.393    0.336    0.367
   451      0.217    0.482    0.142    0.311    0.416    0.344    0.365
   481      0.227    0.498    0.152    0.324    0.418    0.328    0.368
   511      0.197    0.475    0.147    0.302    0.322    0.338    0.336
   541      0.208    0.488    0.160    0.315    0.341    0.322    0.334
   571      0.194    0.479    0.144    0.316    0.333    0.328    0.341
   601      0.212    0.468    0.160    0.339    0.368    0.336    0.334
   631      0.220    0.472    0.160    0.313    0.364    0.349    0.384